icelake i7-1065G7 CPU @ 1.30GHz

FBGEMM
     M,      N,      K,             Type,  GOPS
    64,    800,    320,  FBGEMM_i8_acc32, 243.0
    64,    768,    512,  FBGEMM_i8_acc32, 292.9
    16,    256,    512,  FBGEMM_i8_acc32,  85.4
   128,    128,    128,  FBGEMM_i8_acc32,  92.3
   256,    512,    256,  FBGEMM_i8_acc32, 333.3
  1024,   1024,   1024,  FBGEMM_i8_acc32, 425.9

ST
64 800 320 257.91311485827794
64 768 512 269.7709733900257
16 256 512 342.49421256129375
128 128 128 375.30181241351863
256 512 256 396.2480467138242
1024 1024 1024 367.720376232395

128 768 3072 236.08292534694507
128 768 768 263.6964616436148
128 3072 768 268.6253891931813

ST with tuning
64 800 320 394.6395405937133
64 768 512 377.80191787682423
16 256 512 344.4548432228124
128 128 128 383.722770603294
256 512 256 402.0158088399064
1024 1024 1024 381.0823301418547

128 768 3072 226.15321185061364
128 768 768 292.4161731342666
128 3072 768 379.04644435877543

MT
64 800 320 1148.7208596391977
64 768 512 1083.7636844639974
16 256 512 883.5117150554736
128 128 128 952.2069440231892
256 512 256 1169.6140999392649
1024 1024 1024 1112.0911657509348

128 768 3072 945.9788074919508
128 768 768 1097.313881885103
128 3072 768 1084.462626807328

MT with tuning
64 800 320 1020.3456956625906
64 768 512 1105.2463555842976
16 256 512 767.5310677497453
128 128 128 869.0718223160804
256 512 256 1189.3538709329823
1024 1024 1024 1178.7688948212322

128 768 3072 959.9923096319189
128 768 768 1127.535712977324
128 3072 768 1035.2360560192253

vnni_test.py
Tensorization: (64, 800, 320), 521.11 Gops/s
Tensorization: (64, 768, 512), 1021.15 Gops/s
Tensorization: (16, 256, 512), 148.90 Gops/s
Tensorization: (128, 128, 128), 169.85 Gops/s
Tensorization: (256, 512, 256), 956.58 Gops/s
Tensorization: (1024, 1024, 1024), 1188.64 Gops/s
