i5-11400 @ 2.60GHz

   M,      N,      K,             Type,  GOPS
  64,    800,    320,  FBGEMM_i8_acc32, 259.2
  64,    768,    512,  FBGEMM_i8_acc32, 485.3
  16,    256,    512,  FBGEMM_i8_acc32,  59.8
 128,    128,    128,  FBGEMM_i8_acc32,  57.0
 256,    512,    256,  FBGEMM_i8_acc32, 573.6
1024,   1024,   1024,  FBGEMM_i8_acc32, 2520.1
 128,    768,   3072,  FBGEMM_i8_acc32, 1864.0
 128,    768,    768,  FBGEMM_i8_acc32, 1012.5
 128,   3072,    768,  FBGEMM_i8_acc32, 1900.8


64 800 320 2254.902217150772
64 768 512 2459.8222476184296
16 256 512 1511.1102144223107
128 128 128 1655.3361580672251
256 512 256 2487.655260525414
1024 1024 1024 2604.4250609008964
128 768 3072 1846.407818035626
128 768 768 2579.0514976284917
128 3072 768 2571.1070749811097

4 threads

i5-11400 @ 2.60GHz, 6 threads
M|N|K|TVM|FBGEMM
-- | -- | -- | --| -- |
64|    800|    320| 2254.902217150772 | 259.2
64|    768|    512| 2459.8222476184296 | 485.3
16|    256|    512| 1511.1102144223107 | 59.8
128|    128|    128| 1655.3361580672251 | 57.0
256|    512|    256| 2487.655260525414 | 573.6
1024|   1024|   1024| 2604.4250609008964 | 2520.1
128|    768|   3072| 1846.407818035626 | 1864.0
128|    768|    768| 2579.0514976284917 | 1012.5
128|   3072|    768| 2571.1070749811097 | 1900.8

B|M|N|K|TVM VNNI| TVM generic (cast to fp32 and does AVX512 FMA)
--| -- | -- | -- | --| -- |
8|64|800|320|1862.9816985699251|471.93086647752153
8|64|768|512|1957.1780318372826|254.2322265717467
8|16|256|512|481.7846564891195|249.41214520865546
8|128|128|128|1940.7730023523345|372.7504095880382
8|256|512|256|2380.99163061598|496.7852808609268
8|1024|1024|1024|2275.097320545042|219.50257992579049
8|128|768|3072|1449.8759165025203|219.86756788442386
8|128|768|768|1883.3963380647226|234.35976664468328
8|128|3072|768|1595.616577196681|196.09770614852056
16|384|384|64|2487.792996038378|418.875373840064
16|384|64|384|2441.74586017639|301.37582872146345
