i7-1195G7 @ 2.90GHz

ST

FBGEMM
     M,      N,      K,             Type,  GOPS
    64,    800,    320,  FBGEMM_i8_acc32, 267.4
    64,    768,    512,  FBGEMM_i8_acc32, 355.7
    16,    256,    512,  FBGEMM_i8_acc32,  95.5
   128,    128,    128,  FBGEMM_i8_acc32,  99.0
   256,    512,    256,  FBGEMM_i8_acc32, 344.1
  1024,   1024,   1024,  FBGEMM_i8_acc32, 452.2
   128,    768,   3072,  FBGEMM_i8_acc32, 423.1
   128,    768,    768,  FBGEMM_i8_acc32, 371.0
   128,   3072,    768,  FBGEMM_i8_acc32, 398.9

64 800 320 409.87859448066854
64 768 512 393.2796314153642
16 256 512 402.0798502998604
128 128 128 287.1147659800918
256 512 256 356.8404055290004
1024 1024 1024 362.241169902788
128 768 3072 242.5201549349005
128 768 768 369.1912270185436
128 3072 768 276.460384879211

MT

     M,      N,      K,             Type,  GOPS
    64,    800,    320,  FBGEMM_i8_acc32, 191.6
    64,    768,    512,  FBGEMM_i8_acc32, 326.5
    16,    256,    512,  FBGEMM_i8_acc32,  39.0
   128,    128,    128,  FBGEMM_i8_acc32,  42.9
   256,    512,    256,  FBGEMM_i8_acc32, 375.0
  1024,   1024,   1024,  FBGEMM_i8_acc32, 1609.7
   128,    768,   3072,  FBGEMM_i8_acc32, 763.7
   128,    768,    768,  FBGEMM_i8_acc32, 658.1
   128,   3072,    768,  FBGEMM_i8_acc32, 835.1

64 800 320 758.5609768620845
64 768 512 760.5891303600133
16 256 512 673.6151819351879
128 128 128 676.2890321415558
256 512 256 707.0203324200173
1024 1024 1024 690.8657213907054
128 768 3072 510.46516174131585
128 768 768 679.096063909271
128 3072 768 659.4564135824261
